2222222222222222222222222222222222222222
2000000000000000000000000000000000000002
2000110000000000000000000000000000000002
2000111333333333333333333333333331000002
2000110000000000000000000000000003000002
2000000000000000000000000000000003000002
2000000000000000000000000000000003000002
2000000000000000000000000000000003000002
2000001333333333333333333333333331000002
2000003000000000000000000000000000000002
2000003000000000000000000000000000000002
2000003000000000000000000000000000000002
2000003000000000000000000000000000000002
2000001333333333333333333333333331000002
2000000000000000000000000000000003000002
2000000000000000000000000000000003000002
2000000000000000000000000000000003000002
2000000000000000000000000000000003000002
2000000000000000000000000000000003000002
2000000000000000000000000000000003000002
2000000000000000000000000000000003000002
2000001333333333333333333333333331000002
2000011100000000000000000000000000000002
2000011100000000000000000000000000000002
2000000000000000000000000000000000000002
2222222222222222222222222222222222222222
4444444444444444444444444444444444444444
4444444444444444444444444444444444444444
4444444444444444444444444444444444444444
4444444444444444444444444444444444444444
4444444444444444444444444444444444444444
4444444444444444444444444444444444444444
